      0/49     3.01G    0.1065   0.05545   0.06143    0.2233        87       640   0.01637    0.1226    0.0111  0.002279   0.08897   0.05483   0.05704
      1/49     3.91G   0.08623   0.06094   0.05267    0.1998        91       640    0.1071    0.3547    0.1879   0.06879   0.07113   0.05393    0.0455
      2/49     3.91G   0.07044   0.05527   0.04226     0.168        88       640     0.666    0.4443     0.506    0.1811   0.05792   0.04324   0.03489
      3/49     3.91G   0.06157   0.04406   0.03313    0.1388        88       640    0.8481    0.5658    0.5993    0.2822   0.05171   0.03308   0.02619
      4/49     3.91G   0.05764   0.03769   0.02612    0.1215        91       640     0.734    0.6275    0.6223    0.3411   0.04636   0.02975    0.0203
      5/49     3.91G    0.0585   0.03417   0.02127    0.1139       100       640    0.7721    0.5891    0.6514    0.2851   0.05982   0.02938   0.01632
      6/49     3.91G   0.06341    0.0331    0.0176    0.1141       117       640    0.4404    0.8735    0.7522    0.3196   0.05364   0.02603   0.01281
      7/49     3.91G   0.05987   0.03205   0.01441    0.1063        95       640    0.5949    0.9054     0.818    0.4008   0.05025   0.02541    0.0106
      8/49     3.91G   0.05711   0.03149   0.01285    0.1014        86       640    0.5676    0.8897    0.8825    0.4661   0.04465   0.02436   0.00885
      9/49     3.91G   0.05388   0.03043   0.01079    0.0951       127       640     0.695     0.824    0.8285    0.4485   0.04622   0.02373  0.007523
     10/49     3.91G   0.05373   0.03015  0.009531   0.09342        96       640    0.7376    0.8801    0.8817    0.4577   0.04253    0.0234  0.006828
     11/49     3.91G   0.05042   0.02976  0.008649   0.08883        93       640    0.9024    0.8331    0.9136    0.5086   0.04175   0.02348  0.006244
     12/49     3.91G   0.04773   0.02803  0.008125   0.08389        96       640    0.9113    0.9045    0.9422    0.5057   0.03844   0.02267  0.005701
     13/49     3.91G   0.04656   0.02884  0.007742   0.08315       107       640    0.7973    0.8115    0.8636    0.4126   0.04502   0.02217  0.005384
     14/49     3.91G    0.0452   0.02794  0.007003   0.08014        72       640    0.8086    0.9309    0.9254    0.5267   0.03503   0.02221  0.005339
     15/49     3.91G   0.04304   0.02689  0.006558    0.0765       108       640    0.8948    0.9561    0.9599    0.5512   0.03537   0.02162   0.00494
     16/49     3.91G   0.04205   0.02742  0.006065   0.07554       105       640    0.9529    0.9292     0.969     0.614   0.03209   0.02126  0.004895
     17/49     3.91G   0.04724   0.02768   0.00656   0.08148        89       640    0.8532    0.9139    0.9463    0.5012   0.03719   0.02199  0.005098
     18/49     3.91G   0.04359    0.0281  0.006325   0.07801        99       640    0.8851    0.9337    0.9586    0.5879   0.03313   0.02103  0.004927
     19/49     3.91G   0.04322   0.02716  0.006295   0.07667       114       640    0.8794    0.9371      0.94    0.5603   0.03391   0.02085  0.004825
     20/49     3.91G   0.04204   0.02663  0.005929   0.07461        83       640    0.9222    0.9615    0.9599    0.5271    0.0364   0.02148  0.004829
     21/49     3.91G   0.04165   0.02619  0.005701   0.07354        93       640     0.959    0.9465    0.9663     0.583   0.03458   0.02116   0.00472
     22/49     3.91G   0.03943   0.02631   0.00578   0.07152       104       640     0.934    0.9684    0.9689    0.6064    0.0317   0.02086  0.004547
     23/49     3.91G   0.03671   0.02639  0.005117   0.06821        89       640    0.9665    0.9715    0.9777    0.6597   0.02831   0.02021  0.004363
     24/49     3.91G   0.03682   0.02623  0.005237   0.06829        91       640    0.9593     0.979    0.9791    0.6491   0.02727   0.02037  0.004243
     25/49     3.91G    0.0352   0.02543   0.00508   0.06571       103       640     0.965    0.9822    0.9819    0.6608   0.02745   0.01983  0.003984
     26/49     3.91G   0.03288   0.02525  0.004947   0.06307        83       640    0.9718     0.979    0.9801    0.6414   0.02812   0.02007  0.003939
     27/49     3.91G   0.03328   0.02471   0.00453   0.06252       108       640    0.9746    0.9798    0.9813    0.6742   0.02605   0.01933  0.003783
     28/49     3.91G   0.03269   0.02492  0.004398   0.06201       101       640    0.9716    0.9806     0.983    0.6792   0.02682   0.01947  0.003639
     29/49     3.91G    0.0306   0.02441  0.003989     0.059        83       640    0.9745    0.9805    0.9846    0.6891   0.02498   0.01925  0.003562
     30/49     3.91G    0.0308   0.02478  0.004025    0.0596       130       640    0.9731     0.986    0.9811    0.6791   0.02536   0.01902  0.003456
     31/49     3.91G    0.0294   0.02441  0.003945   0.05775        85       640    0.9714    0.9864    0.9839     0.698    0.0251     0.019  0.003293
     32/49     3.91G   0.02726   0.02388  0.003869   0.05502        86       640    0.9736    0.9833    0.9838    0.7041   0.02329   0.01861  0.003164
     33/49     3.91G   0.02732   0.02426  0.003279   0.05487       111       640    0.9741    0.9856    0.9845    0.7191   0.02317   0.01855  0.003041
     34/49     3.91G   0.02779   0.02322  0.003505   0.05451        99       640    0.9727    0.9861    0.9839    0.7171   0.02296   0.01839  0.003006
     35/49     3.91G    0.0276   0.02364  0.003846   0.05508        89       640    0.9728    0.9854    0.9858    0.7158   0.02375   0.01869  0.002993
     36/49     3.91G   0.02643   0.02348  0.003688   0.05359       100       640    0.9782    0.9818    0.9859    0.7256   0.02268   0.01838  0.002857
     37/49     3.91G   0.02588   0.02308  0.003153   0.05211       103       640    0.9764    0.9845    0.9856    0.7256   0.02219   0.01804  0.002737
     38/49     3.91G   0.02525    0.0234  0.003337   0.05199       101       640    0.9782    0.9844    0.9869    0.7355   0.02181   0.01793  0.002725
     39/49     3.91G   0.02551   0.02321  0.002861   0.05158        91       640    0.9798    0.9848    0.9863    0.7192   0.02201   0.01792  0.002602
     40/49     3.91G   0.02462   0.02256  0.003202   0.05039        75       640     0.977    0.9904    0.9875     0.737   0.02153   0.01768  0.002517
     41/49     3.91G   0.02398   0.02216  0.002826   0.04896       113       640    0.9771    0.9888    0.9857    0.7417   0.02119   0.01779  0.002447
     42/49     3.91G    0.0241    0.0224   0.00273   0.04923       101       640    0.9769    0.9883    0.9856    0.7396   0.02087   0.01745  0.002392
     43/49     3.91G   0.02382   0.02252  0.002759    0.0491        91       640    0.9768    0.9887    0.9877     0.737    0.0213   0.01778  0.002366
     44/49     3.91G   0.02397   0.02212  0.002593   0.04869       121       640    0.9807    0.9901    0.9878    0.7422   0.02109   0.01768  0.002355
     45/49     3.91G   0.02388   0.02184  0.002987   0.04871       101       640    0.9824    0.9866     0.989    0.7472   0.02071   0.01742  0.002312
     46/49     3.91G   0.02343   0.02235  0.002659   0.04844        81       640    0.9779    0.9902    0.9884    0.7485   0.02058   0.01727  0.002227
     47/49     3.91G   0.02318   0.02138  0.002518   0.04708        89       640    0.9808    0.9882    0.9887    0.7527   0.02051   0.01721  0.002157
     48/49     3.91G   0.02364   0.02185  0.002524   0.04802        93       640    0.9801    0.9914    0.9885    0.7506    0.0204   0.01739  0.002141
     49/49     3.91G    0.0233   0.02233  0.002438   0.04807       101       640     0.978    0.9907    0.9875    0.7471   0.02065    0.0173  0.002112
